location:
  lat: 41.4622884
  lon: 12.8663671